254
248
112
126
126
127
129
127
126
127
254
82
126
125
125
126
126
248
112
126
126
127
129
127
126
127
254
83
126
125
126
126
126
248
112
126
126
127
129
127
126
127
254
84
126
126
126
126
126
248
112
126
126
127
129
127
126
127
254
84
126
126
126
126
126
248
112
126
126
127
129
127
126
127
254
85
127
126
126
126
126
248
112
126
126
127
129
127
126
127
254
83
126
125
126
126
126
248
127
125
125
127
130
126
126
128
254
82
127
126
125
125
125
248
123
127
129
129
127
127
129
131
254
95
132
135
133
129
128
248
117
136
142
134
116
128
138
131
254
82
137
150
151
145
141
248
124
141
150
136
109
130
143
123
254
95
126
142
153
152
148
249
73
80
248
124
135
140
132
117
129
136
111
254
81
104
114
132
138
139
248
117
127
127
127
128
128
127
113
254
84
103
108
119
125
127
252
107
31
127
33
48
248
121
125
123
126
131
127
125
124
254
94
120
120
121
123
124
255
61
31
31
248
125
125
124
126
130
127
125
128
254
80
128
125
124
124
125
248
127
126
125
126
130
127
125
128
254
82
128
126
124
125
125
250
122
0
248
127
126
125
126
129
127
126
128
254
83
128
126
125
125
125
248
127
126
125
126
129
127
126
128
254
83
128
126
125
125
125
248
127
126
125
126
129
127
126
128
254
83
128
126
125
125
125
248
127
126
125
126
129
127
126
128
254
83
128
126
125
125
125
248
127
126
125
126
129
127
126
128
254
83
128
126
125
125
125
248
127
126
125
126
129
127
126
128
254
84
128
126
125
125
126
248
112
126
125
127
129
127
126
128
254
84
128
126
125
125
126
248
112
126
125
127
129
127
126
128
254
84
128
126
125
125
126
248
112
126
125
127
129
127
126
128
254
84
128
126
125
125
126
248
112
126
125
127
129
127
126
128
254
84
128
126
125
125
126
248
113
126
126
127
129
127
126
128
254
85
128
126
125
126
126
248
114
127
126
127
128
127
127
128
254
88
128
128
126
126
126
248
117
128
128
127
127
128
127
128
254
95
129
130
128
127
127
248
121
129
129
128
125
128
129
129
254
88
130
133
131
128
128
248
124
130
131
128
124
128
130
129
254
82
132
136
133
130
129
248
114
131
133
129
123
129
131
130
254
89
133
138
135
131
130
248
115
132
134
129
122
129
131
130
254
95
134
139
137
132
131
248
115
132
134
129
121
129
132
130
254
82
135
140
137
133
131
248
116
133
134
129
121
129
132
130
254
85
135
141
138
133
132
248
114
132
134
129
121
129
131
130
254
82
135
140
137
133
131
248
114
132
133
129
122
129
131
130
254
94
134
138
136
133
131
248
127
131
132
129
123
128
131
129
254
87
133
136
134
132
130
248
124
130
131
128
125
128
129
129
254
95
132
133
132
131
129
248
118
128
128
128
126
128
128
128
254
84
130
130
129
129
128
248
113
126
126
127
128
127
127
128
254
88
128
126
126
127
127
248
127
125
125
127
130
127
126
127
254
95
126
124
124
125
126
248
124
125
124
126
130
127
125
127
254
91
126
123
123
124
125
248
124
125
124
126
130
127
125
127
254
91
126
123
123
124
125
248
124
125
124
126
130
127
125
127
254
91
126
123
123
124
125
248
124
125
124
126
130
127
125
127
254
92
126
123
123
125
125
248
124
125
124
126
130
127
125
127
254
92
126
123
123
125
125
248
124
125
124
126
130
127
125
127
254
93
126
123
124
125
125
248
125
125
125
126
130
127
125
127
254
94
126
124
124
125
125
248
126
125
125
126
130
127
126
127
254
94
126
124
124
125
125
248
127
125
125
127
130
127
126
127
254
95
126
124
124
125
126
248
127
126
125
127
129
127
126
127
254
95
126
124
124
125
126
248
127
126
125
127
129
127
126
127
254
95
126
124
124
125
126
248
127
126
125
127
129
127
126
127
254
95
126
124
124
125
126
248
127
126
125
127
129
127
126
127
254
95
126
124
124
125
126
248
127
126
125
127
129
127
126
127
254
80
126
124
125
125
126
248
127
126
125
127
129
127
126
127
254
81
126
125
125
125
126
248
127
126
125
127
129
127
126
127
254
82
126
125
125
126
126
248
127
126
125
127
129
127
126
127
254
82
126
125
125
126
126
248
127
126
125
127
129
127
126
127
254
82
126
125
125
126
126
248
127
126
125
127
129
127
126
127
254
82
126
125
125
126
126
248
112
126
126
127
129
127
126
127
254
82
126
125
125
126
126
248
112
126
126
127
129
127
126
127
254
82
126
125
125
126
126
248
112
126
126
127
129
127
126
127
254
82
126
125
125
126
126
248
112
126
126
127
129
127
126
127
254
83
127
125
125
126
126
248
112
126
126
127
129
127
126
127
254
84
127
125
126
126
126
248
114
127
127
127
128
127
127
127
254
88
127
126
127
127
127
248
119
128
129
128
126
128
128
128
254
95
128
128
128
129
128
248
121
129
130
128
125
128
129
128
254
84
129
129
129
130
129
248
122
130
130
128
125
128
129
128
254
84
129
129
129
130
129
248
121
129
130
128
125
128
129
128
254
83
129
129
129
129
129
248
118
128
129
128
126
127
128
128
254
95
128
128
128
129
128
248
114
127
127
127
128
127
127
127
254
89
127
127
127
127
127
248
112
126
126
127
129
127
126
127
254
82
126
125
125
126
126
248
112
126
126
127
129
127
126
127
254
82
126
125
125
126
126
248
112
126
126
127
129
127
126
127
254
82
126
125
125
126
126
248
112
126
126
127
129
127
126
127
254
82
126
125
125
126
126
248
112
126
126
127
129
127
126
127
254
83
126
125
126
126
126
248
112
126
126
127
129
127
126
127
254
83
126
125
126
126
126
248
112
126
126
127
129
127
126
127
254
85
127
126
126
126
126
248
112
126
126
127
129
127
126
127
254
85
127
126
126
126
126
248
112
126
126
127
129
127
126
127
254
83
126
125
126
126
126
248
127
125
125
127
130
126
126
128
254
81
127
125
125
125
125
248
120
127
128
129
127
126
128
131
254
92
131
134
132
129
128
248
116
135
141
134
117
128
137
132
254
95
137
150
150
144
140
248
125
141
150
136
109
130
143
124
254
83
127
144
154
152
148
249
72
79
248
125
136
141
132
116
129
136
111
254
89
105
116
134
140
140
248
117
128
127
127
127
128
127
113
254
85
102
108
119
126
128
248
120
125
123
126
131
127
124
124
254
92
119
120
120
123
124
248
125
125
124
126
130
127
125
128
254
95
127
125
124
124
125
248
127
126
125
126
130
127
125
128
254
82
128
126
124
125
125
248
127
126
125
126
129
127
126
128
254
83
128
126
125
125
125
248
127
126
125
126
129
127
126
128
254
83
128
126
125
125
125
248
127
126
125
126
129
127
126
128
254
83
128
126
125
125
125
248
127
126
125
126
129
127
126
128
254
83
128
126
125
125
125
248
127
126
125
126
129
127
126
128
254
83
128
126
125
125
125
248
112
126
125
127
129
127
126
128
254
84
128
126
125
125
126
248
112
126
125
127
129
127
126
128
254
84
128
126
125
125
126
248
112
126
125
127
129
127
126
128
254
84
128
126
125
125
126
252
107
31
127
33
48
255
61
31
31
248
112
126
125
127
129
127
126
128
254
84
128
126
125
125
126
248
112
126
125
127
129
127
126
128
254
84
128
126
125
125
126
248
113
126
126
127
129
127
126
128
254
85
128
126
125
126
126
250
122
0
248
113
127
126
127
128
127
126
128
254
88
128
128
126
126
126
248
117
128
128
127
127
128
127
128
254
95
129
130
128
127
127
248
122
129
129
128
126
128
129
129
254
87
130
133
130
128
128
248
124
130
131
128
124
128
130
129
254
81
132
135
133
130
129
248
113
131
132
129
123
129
131
130
254
89
133
138
135
131
130
248
115
132
134
129
122
129
131
130
254
94
134
139
136
132
131
248
115
132
134
129
121
129
132
130
254
82
135
140
137
133
131
248
116
133
134
129
121
129
132
130
254
85
135
141
138
133
132
248
115
132
134
129
121
129
132
130
254
82
135
140
137
133
131
248
114
132
133
129
122
129
131
130
254
95
134
139
136
133
131
248
112
131
132
129
123
129
131
129
254
88
134
136
134
132
130
248
124
130
131
128
124
128
130
129
254
95
132
133
132
131
129

Traceback (most recent call last):
  File "<stdin>", line 34, in <module>
Exception: IDE interrupt
MPY: soft reboot
MicroPython: v1.18-omv-r13 OpenMV: v4.3.3 HAL: v1.3.0 BOARD: Arduino Nano RP2040 Connect-RP2040
Type "help()" for more information.
>>> 